package basic;

public class Ex0210 {

/*
 * 課題 0210
問題
下記実行例のように、九九の表を出力する。

作成クラス名
Ex0210.java

実行例
>Java Ex0210
01 02 03 04 05 06 07 08 09
02 04 06 08 10 12 14 16 18
03 06 09 12 15 18 21 24 27
04 08 12 16 20 24 28 32 36
05 10 15 20 25 30 35 40 45
06 12 18 24 30 36 42 48 54
07 14 21 28 35 42 49 56 63
08 16 24 32 40 48 56 64 72
09 18 27 36 45 54 63 72 81
 */
	public static void main(String[] args) {
		// TODO 自動生成されたメソッド・スタブ

		for (int i = 1; i <= 9; i++) {
			for (int j = 1; j <= 9; j++) {
				System.out.printf("%02d  ", i*j);
			}
			System.out.println("");
		}

	}

}
